,tweet_id,faves,retweets
0,666020888022790149,2355,449
1,666029285002620928,119,41
2,666033412701032449,109,39
3,666044226329800704,265,124
4,666049248165822465,96,40
5,666050758794694657,122,51
6,666051853826850816,1099,752
7,666055525042405380,405,214
8,666057090499244032,263,120
9,666058600524156928,104,51
10,666063827256086533,437,191
11,666071193221509120,135,52
12,666073100786774016,285,141
13,666082916733198337,101,41
14,666094000022159362,153,66
15,666099513787052032,140,57
16,666102155909144576,69,11
17,666104133288665088,13296,5815
18,666268910803644416,94,32
19,666273097616637952,157,70
20,666287406224695296,131,57
21,666293911632134144,451,312
22,666337882303524864,179,81
23,666345417576210432,267,128
24,666353288456101888,193,64
25,666362758909284353,702,502
26,666373753744588802,170,78
27,666396247373291520,155,73
28,666407126856765440,98,31
29,666411507551481857,397,286
30,666418789513326592,112,41
31,666421158376562688,293,101
32,666428276349472768,150,73
33,666430724426358785,290,173
34,666435652385423360,150,45
35,666437273139982337,112,42
36,666447344410484738,94,18
37,666454714377183233,474,196
38,666644823164719104,219,73
39,666649482315059201,1035,568
40,666691418707132416,171,44
41,666701168228331520,396,195
42,666739327293083650,219,60
43,666776908487630848,323,156
44,666781792255496192,358,175
45,666786068205871104,698,440
46,666804364988780544,216,84
47,666817836334096384,471,230
48,666826780179869698,237,83
49,666835007768551424,195,72
50,666837028449972224,752,507
51,666983947667116034,2371,898
52,666996132027977728,226,81
53,667012601033924608,419,202
54,667044094246576128,175,44
55,667062181243039745,205,47
56,667065535570550784,157,41
57,667073648344346624,375,109
58,667090893657276420,311,115
59,667119796878725120,310,121
60,667138269671505920,4258,2003
61,667152164079423490,44466,15524
62,667160273090932737,238,56
63,667165590075940865,2503,1035
64,667171260800061440,203,77
65,667174963120574464,230,72
66,667176164155375616,567,418
67,667177989038297088,177,50
68,667182792070062081,13310,5660
69,667188689915760640,696,365
70,667192066997374976,356,90
71,667200525029539841,572,240
72,667211855547486208,452,221
73,667369227918143488,340,151
74,667393430834667520,180,51
75,667405339315146752,434,206
76,667435689202614272,286,79
77,667437278097252352,420,217
78,667443425659232256,724,535
79,667453023279554560,292,81
80,667455448082227200,179,56
81,667470559035432960,235,89
82,667491009379606528,485,207
83,667495797102141441,488,245
84,667502640335572993,508,205
85,667509364010450944,6361,1967
86,667517642048163840,344,177
87,667524857454854144,1589,1038
88,667530908589760512,437,219
89,667534815156183040,764,485
90,667538891197542400,190,60
91,667544320556335104,804,490
92,667546741521195010,317,115
93,667549055577362432,5381,2084
94,667550882905632768,0,27
95,667550904950915073,0,31
96,667724302356258817,447,292
97,667728196545200128,355,143
98,667766675769573376,409,201
99,667773195014021121,217,48
100,667782464991965184,386,227
101,667793409583771648,653,308
102,667801013445750784,306,87
103,667806454573760512,988,452
104,667832474953625600,274,57
105,667861340749471744,230,74
106,667866724293877760,2852,958
107,667873844930215936,584,375
108,667878741721415682,372,108
109,667885044254572545,773,431
110,667886921285246976,1747,992
111,667902449697558528,806,352
112,667911425562669056,459,271
113,667915453470232577,197,51
114,667924896115245057,277,99
115,667937095915278337,1168,737
116,668113020489474048,626,218
117,668142349051129856,542,259
118,668154635664932864,466,288
119,668171859951755264,455,175
120,668190681446379520,608,186
121,668204964695683073,525,182
122,668221241640230912,483,182
123,668226093875376128,273,94
124,668237644992782336,5790,2618
125,668248472370458624,896,438
126,668256321989451776,1207,550
127,668268907921326080,517,214
128,668274247790391296,769,217
129,668286279830867968,472,126
130,668291999406125056,228,29
131,668297328638447616,586,274
132,668466899341221888,831,471
133,668480044826800133,428,133
134,668484198282485761,395,217
135,668496999348633600,379,121
136,668507509523615744,304,95
137,668528771708952576,436,204
138,668537837512433665,238,66
139,668542336805281792,425,195
140,668544745690562560,482,212
141,668567822092664832,224,49
142,668614819948453888,577,296
143,668620235289837568,186,37
144,668623201287675904,1327,693
145,668625577880875008,357,120
146,668627278264475648,291,101
147,668631377374486528,663,294
148,668633411083464705,2615,1477
149,668636665813057536,969,459
150,668641109086707712,1000,501
151,668643542311546881,813,480
152,668645506898350081,813,488
153,668655139528511488,489,203
154,668779399630725120,671,343
155,668815180734689280,522,242
156,668826086256599040,405,124
157,668852170888998912,424,148
158,668872652652679168,494,279
159,668892474547511297,376,136
160,668902994700836864,298,92
161,668932921458302977,243,53
162,668955713004314625,258,65
163,668960084974809088,658,225
164,668975677807423489,1227,538
165,668979806671884288,746,323
166,668981893510119424,502,277
167,668986018524233728,513,151
168,668988183816871936,845,426
169,668989615043424256,630,307
170,668992363537309700,699,315
171,668994913074286592,413,208
172,669000397445533696,19634,5899
173,669006782128353280,543,226
174,669015743032369152,696,346
175,669037058363662336,612,288
176,669203728096960512,943,434
177,669214165781868544,408,149
178,669216679721873412,1116,377
179,669324657376567296,461,193
180,669327207240699904,538,113
181,669328503091937280,954,385
182,669351434509529089,404,168
183,669353438988365824,589,241
184,669354382627049472,2528,1183
185,669359674819481600,348,112
186,669363888236994561,585,211
187,669367896104181761,429,140
188,669371483794317312,461,165
189,669375718304980992,1243,675
190,669393256313184256,337,69
191,669564461267722241,368,112
192,669567591774625800,220,48
193,669571471778410496,1489,940
194,669573570759163904,409,129
195,669583744538451968,1398,858
196,669597912108789760,484,140
197,669603084620980224,895,336
198,669625907762618368,3300,1681
199,669661792646373376,761,396
200,669680153564442624,629,266
201,669682095984410625,331,125
202,669683899023405056,356,102
203,669749430875258880,244,61
204,669753178989142016,754,368
205,669923323644657664,222,53
206,669926384437997569,355,89
207,669942763794931712,471,146
208,669970042633789440,283,51
209,669972011175813120,415,142
210,669993076832759809,304,75
211,670003130994700288,314,84
212,670037189829525505,559,255
213,670040295598354432,707,104
214,670046952931721218,606,159
215,670055038660800512,625,301
216,670061506722140161,710,308
217,670069087419133954,584,220
218,670073503555706880,1468,731
219,670079681849372674,2081,1134
220,670086499208155136,656,231
221,670093938074779648,962,306
222,670290420111441920,654,266
223,670303360680108032,409,121
224,670319130621435904,3659,1133
225,670338931251150849,401,101
226,670361874861563904,310,60
227,670374371102445568,705,250
228,670385711116361728,528,191
229,670403879788544000,404,141
230,670408998013820928,522,204
231,670411370698022913,1895,825
232,670417414769758208,538,302
233,670420569653809152,580,291
234,670421925039075328,1228,591
235,670427002554466305,493,148
236,670428280563085312,1305,572
237,670433248821026816,312,103
238,670434127938719744,1333,598
239,670435821946826752,997,478
240,670442337873600512,609,186
241,670444955656130560,6331,1846
242,670449342516494336,1135,601
243,670452855871037440,516,189
244,670465786746662913,913,505
245,670468609693655041,337,82
246,670474236058800128,1418,686
247,670668383499735048,10029,4624
248,670676092097810432,229,38
249,670679630144274432,707,259
250,670691627984359425,554,223
251,670704688707301377,727,345
252,670717338665226240,1117,445
253,670727704916926465,786,329
254,670733412878163972,901,474
255,670755717859713024,412,98
256,670764103623966721,1019,391
257,670778058496974848,314,69
258,670780561024270336,745,267
259,670782429121134593,1441,712
260,670783437142401025,781,352
261,670786190031921152,558,183
262,670789397210615808,621,222
263,670792680469889025,779,256
264,670797304698376195,692,216
265,670803562457407488,322,83
266,670804601705242624,1840,889
267,670807719151067136,1094,455
268,670811965569282048,1062,248
269,670815497391357952,2972,1429
270,670822709593571328,570,89
271,670823764196741120,729,173
272,670826280409919488,5167,3771
273,670832455012716544,686,198
274,670833812859932673,409,113
275,670838202509447168,1046,643
276,670840546554966016,548,180
277,670842764863651840,23190,8067
278,670995969505435648,1040,268
279,671109016219725825,1073,405
280,671115716440031232,1282,721
281,671122204919246848,3267,2333
282,671134062904504320,697,176
283,671138694582165504,863,372
284,671141549288370177,1087,605
285,671147085991960577,622,200
286,671151324042559489,624,140
287,671154572044468225,664,205
288,671159727754231808,341,74
289,671163268581498880,1542,1021
290,671166507850801152,818,317
291,671182547775299584,1050,313
292,671186162933985280,687,193
293,671347597085433856,894,394
294,671355857343524864,456,112
295,671357843010908160,376,146
296,671362598324076544,1042,275
297,671390180817915904,1354,691
298,671485057807351808,716,218
299,671486386088865792,543,182
300,671488513339211776,939,446
301,671497587707535361,866,418
302,671504605491109889,6566,3315
303,671511350426865664,1491,653
304,671518598289059840,888,273
305,671520732782923777,1314,491
306,671528761649688577,790,239
307,671533943490011136,962,537
308,671536543010570240,1107,373
309,671538301157904385,876,356
310,671542985629241344,1028,527
311,671544874165002241,1841,970
312,671547767500775424,1265,546
313,671561002136281088,12015,6723
314,671729906628341761,7990,4039
315,671735591348891648,1360,699
316,671743150407421952,709,222
317,671744970634719232,1273,711
318,671763349865160704,1573,836
319,671768281401958400,1123,458
320,671789708968640512,6647,3219
321,671855973984772097,848,404
322,671866342182637568,1058,454
323,671874878652489728,1185,514
324,671879137494245376,1331,615
325,671882082306625538,3269,1293
326,671891728106971137,1234,530
327,671896809300709376,8015,3888
328,672068090318987265,1213,473
329,672082170312290304,891,342
330,672095186491711488,933,341
331,672125275208069120,2252,1069
332,672139350159835138,1641,649
333,672160042234327040,829,333
334,672169685991993344,965,342
335,672205392827572224,2117,1068
336,672222792075620352,744,195
337,672231046314901505,1712,940
338,672239279297454080,846,302
339,672245253877968896,643,143
340,672248013293752320,1630,560
341,672254177670729728,1350,694
342,672256522047614977,2662,1427
343,672264251789176834,1064,310
344,672267570918129665,1399,570
345,672272411274932228,6053,3124
346,672466075045466113,1278,490
347,672475084225949696,1364,651
348,672481316919734272,680,120
349,672482722825261057,1062,556
350,672488522314567680,1048,404
351,672523490734551040,592,156
352,672538107540070400,962,341
353,672591271085670400,677,174
354,672591762242805761,897,311
355,672594978741354496,1254,571
356,672604026190569472,1044,373
357,672609152938721280,1043,360
358,672614745925664768,1152,542
359,672622327801233409,1217,450
360,672640509974827008,923,295
361,672828477930868736,1178,458
362,672834301050937345,1236,533
363,672877615439593473,973,328
364,672884426393653248,1443,788
365,672898206762672129,852,394
366,672902681409806336,1289,461
367,672964561327235073,1342,602
368,672968025906282496,1255,500
369,672970152493887488,891,333
370,672975131468300288,1577,841
371,672980819271634944,1711,945
372,672984142909456390,1189,510
373,672988786805112832,923,268
374,672995267319328768,895,269
375,672997845381865473,1861,665
376,673148804208660480,1602,584
377,673213039743795200,2102,781
378,673240798075449344,1347,662
379,673270968295534593,1015,338
380,673295268553605120,7090,2948
381,673317986296586240,832,235
382,673320132811366400,12678,7328
383,673342308415348736,1201,534
384,673343217010679808,915,251
385,673345638550134785,2365,1175
386,673350198937153538,714,195
387,673352124999274496,1575,508
388,673355879178194945,1416,534
389,673359818736984064,1361,628
390,673363615379013632,972,283
391,673576835670777856,1306,525
392,673580926094458881,783,254
393,673583129559498752,1130,336
394,673612854080196609,1504,672
395,673636718965334016,1040,337
396,673656262056419329,681,221
397,673662677122719744,1187,344
398,673680198160809984,1293,434
399,673686845050527744,1352,404
400,673688752737402881,1188,460
401,673689733134946305,1644,606
402,673697980713705472,3737,1831
403,673700254269775872,1352,530
404,673705679337693185,1190,383
405,673707060090052608,1042,366
406,673708611235921920,1017,267
407,673709992831262724,794,247
408,673711475735838725,986,281
409,673715861853720576,3336,1928
410,673887867907739649,888,239
411,673906403526995968,2996,1537
412,673919437611909120,1110,349
413,673956914389192708,1847,898
414,674008982932058114,1134,332
415,674014384960745472,1475,600
416,674019345211760640,1070,285
417,674024893172875264,1676,1145
418,674036086168010753,810,192
419,674038233588723717,1044,397
420,674042553264685056,685,118
421,674045139690631169,1329,600
422,674051556661161984,1377,461
423,674053186244734976,3120,1208
424,674063288070742018,6026,2044
425,674075285688614912,938,267
426,674082852460433408,721,156
427,674255168825880576,1384,511
428,674262580978937856,1244,423
429,674265582246694913,1544,791
430,674269164442398721,864,214
431,674271431610523648,1471,684
432,674291837063053312,13880,5483
433,674318007229923329,1337,486
434,674372068062928900,806,300
435,674394782723014656,1434,535
436,674410619106390016,1140,434
437,674416750885273600,655,130
438,674422304705744896,1355,504
439,674436901579923456,1051,366
440,674447403907457024,1008,338
441,674468880899788800,5910,1901
442,674632714662858753,1424,541
443,674638615994089473,1600,551
444,674644256330530816,985,256
445,674646392044941312,1361,457
446,674664755118911488,865,230
447,674670581682434048,1526,610
448,674690135443775488,1090,447
449,674737130913071104,612,81
450,674739953134403584,1044,363
451,674743008475090944,1319,514
452,674752233200820224,1382,434
453,674754018082705410,1295,412
454,674764817387900928,752,222
455,674767892831932416,1723,730
456,674774481756377088,1048,446
457,674781762103414784,1908,1122
458,674788554665512960,770,196
459,674790488185167872,1043,235
460,674793399141146624,2374,1027
461,674800520222154752,2863,805
462,674805413498527744,814,338
463,674999807681908736,2123,1042
464,675003128568291329,1486,436
465,675006312288268288,927,209
466,675015141583413248,2557,1112
467,675047298674663426,1004,302
468,675109292475830276,2660,1060
469,675111688094527488,910,237
470,675113801096802304,1850,742
471,675135153782571009,1236,446
472,675145476954566656,2035,842
473,675146535592706048,1119,276
474,675147105808306176,897,218
475,675149409102012420,3553,1598
476,675153376133427200,5927,2426
477,675166823650848770,3379,1494
478,675334060156301312,2634,1213
479,675349384339542016,3737,2147
480,675354435921575936,30932,15838
481,675362609739206656,1008,216
482,675372240448454658,1606,490
483,675432746517426176,1447,541
484,675483430902214656,1758,923
485,675489971617296384,1231,563
486,675497103322386432,2989,1218
487,675501075957489664,16340,5536
488,675517828909424640,1231,439
489,675522403582218240,987,272
490,675531475945709568,1122,361
491,675534494439489536,1751,387
492,675706639471788032,617,90
493,675707330206547968,1882,642
494,675710890956750848,1794,771
495,675740360753160193,1112,323
496,675781562965868544,1544,445
497,675798442703122432,9775,3252
498,675820929667219457,1002,224
499,675822767435051008,1448,511
500,675845657354215424,2158,829
501,675853064436391936,2568,1217
502,675870721063669760,1557,534
503,675878199931371520,3984,1326
504,675888385639251968,2272,906
505,675891555769696257,2025,813
506,675898130735476737,1536,539
507,676089483918516224,1252,415
508,676098748976615425,2857,1345
509,676101918813499392,2709,1114
510,676146341966438401,1843,631
511,676191832485810177,2182,984
512,676215927814406144,1658,546
513,676219687039057920,73225,29493
514,676237365392908289,1153,268
515,676263575653122048,1998,513
516,676430933382295552,1340,321
517,676440007570247681,1653,627
518,676470639084101634,11129,4448
519,676496375194980353,1464,508
520,676533798876651520,1803,521
521,676575501977128964,2465,1063
522,676582956622721024,1142,261
523,676588346097852417,2205,743
524,676603393314578432,1113,363
525,676606785097199616,1818,413
526,676613908052996102,1035,191
527,676617503762681856,2757,909
528,676776431406465024,4793,1932
529,676811746707918848,1372,407
530,676819651066732545,1742,633
531,676821958043033607,21956,14804
532,676864501615042560,2001,668
533,676897532954456065,2154,693
534,676936541936185344,12222,4723
535,676942428000112642,1985,712
536,676946864479084545,1666,348
537,676948236477857792,2066,820
538,676949632774234114,1254,375
539,676957860086095872,2150,773
540,676975532580409345,2653,1018
541,677187300187611136,2620,872
542,677228873407442944,3413,1563
543,677269281705472000,1898,674
544,677301033169788928,1181,385
545,677314812125323265,1584,510
546,677328882937298944,3516,1434
547,677331501395156992,1046,224
548,677334615166730240,1292,270
549,677530072887205888,1027,218
550,677547928504967168,6668,3502
551,677557565589463040,2358,1104
552,677565715327688705,1253,438
553,677573743309385728,2053,669
554,677644091929329666,1787,771
555,677662372920729601,1874,904
556,677673981332312066,3204,1437
557,677687604918272002,2404,804
558,677698403548192770,1184,306
559,677700003327029250,3259,1385
560,677716515794329600,2933,938
561,677895101218201600,4625,1976
562,677918531514703872,1287,388
563,678021115718029313,13119,6049
564,678255464182861824,1532,349
565,678278586130948096,11006,5835
566,678334497360859136,1253,236
567,678341075375947776,1668,511
568,678380236862578688,2346,865
569,678389028614488064,1798,402
570,678396796259975168,1540,397
571,678399652199309312,77328,30510
572,678410210315247616,4054,1724
573,678424312106393600,5280,2432
574,678446151570427904,3866,1465
575,678643457146150913,1976,384
576,678675843183484930,2764,1396
577,678740035362037760,3622,1587
578,678755239630127104,6843,3137
579,678764513869611008,1582,449
580,678767140346941444,3409,1304
581,678774928607469569,2715,866
582,678798276842360832,3342,1107
583,678800283649069056,2483,859
584,678969228704284672,1580,435
585,678991772295516161,2211,1106
586,679047485189439488,2169,635
587,679062614270468097,16383,7730
588,679111216690831360,5786,2484
589,679132435750195208,2885,1113
590,679148763231985668,2694,989
591,679158373988876288,20575,7722
592,679462823135686656,30522,18046
593,679475951516934144,2031,617
594,679503373272485890,3076,1410
595,679511351870550016,3257,1216
596,679527802031484928,2553,696
597,679530280114372609,4628,2008
598,679722016581222400,1616,451
599,679729593985699840,2100,796
600,679736210798047232,2031,760
601,679777920601223168,3017,1057
602,679828447187857408,35085,13490
603,679844490799091713,2294,733
604,679854723806179328,2768,1179
605,679862121895714818,2384,592
606,679877062409191424,1925,627
607,680070545539371008,2507,827
608,680085611152338944,12436,8671
609,680100725817409536,3481,1321
610,680115823365742593,2646,870
611,680130881361686529,2228,906
612,680145970311643136,3494,1686
613,680161097740095489,2257,711
614,680176173301628928,3784,1488
615,680191257256136705,2083,480
616,680206703334408192,2747,1121
617,680221482581123072,1429,284
618,680440374763077632,1411,482
619,680473011644985345,2473,726
620,680494726643068929,1674,470
621,680497766108381184,4114,1839
622,680583894916304897,3517,1279
623,680609293079592961,2548,671
624,680798457301471234,2762,996
625,680801747103793152,2316,794
626,680836378243002368,3356,1272
627,680889648562991104,1711,354
628,680913438424612864,2341,598
629,680934982542561280,2036,419
630,680940246314430465,3098,1006
631,680959110691590145,4454,1938
632,680970795137544192,2342,631
633,681193455364796417,3591,1423
634,681231109724700672,2341,467
635,681242418453299201,1438,510
636,681261549936340994,1412,261
637,681281657291280384,3143,1061
638,681297372102656000,3118,916
639,681302363064414209,3816,1750
640,681320187870711809,2566,714
641,681339448655802368,9033,3949
642,681523177663676416,13863,5562
643,681579835668455424,3440,1255
644,681610798867845120,1839,448
645,681654059175129088,2563,886
646,681679526984871937,1715,426
647,681694085539872773,12456,3924
648,681891461017812993,2398,784
649,681981167097122816,2735,999
650,682003177596559360,3031,1464
651,682032003584274432,6405,1922
652,682047327939461121,3107,910
653,682059653698686977,4801,1615
654,682242692827447297,3136,1112
655,682259524040966145,4018,1154
656,682303737705140231,2966,944
657,682389078323662849,1613,450
658,682393905736888321,2172,644
659,682406705142087680,7347,1696
660,682429480204398592,3339,1117
661,682638830361513985,2014,576
662,682662431982772225,2975,1040
663,682697186228989953,1281,351
664,682750546109968385,1482,421
665,682788441537560576,2408,1074
666,682962037429899265,35719,15903
667,683030066213818368,2108,720
668,683078886620553216,1945,546
669,683098815881154561,2115,633
670,683111407806746624,3314,881
671,683142553609318400,2794,1006
672,683357973142474752,2820,887
673,683391852557561860,7433,2329
674,683449695444799489,3772,1560
675,683462770029932544,2359,650
676,683481228088049664,2598,968
677,683498322573824003,3087,936
678,683742671509258241,6291,3196
679,683773439333797890,3252,1299
680,683828599284170753,2720,1030
681,683834909291606017,2554,1080
682,683849932751646720,2544,921
683,683852578183077888,1887,334
684,683857920510050305,3702,1083
685,684097758874210310,3993,1393
686,684122891630342144,1953,455
687,684177701129875456,1961,642
688,684188786104872960,3401,1127
689,684195085588783105,1851,492
690,684200372118904832,2095,1006
691,684222868335505415,3727,1315
692,684225744407494656,1201,199
693,684241637099323392,7899,3159
694,684460069371654144,1922,542
695,684481074559381504,3779,1136
696,684538444857667585,2587,920
697,684567543613382656,2925,1172
698,684594889858887680,8660,3394
699,684800227459624960,2654,973
700,684880619965411328,2027,782
701,684902183876321280,1813,509
702,684914660081053696,3408,1408
703,684926975086034944,3397,450
704,684940049151070208,3122,1007
705,684959798585110529,6624,3027
706,685169283572338688,4004,1390
707,685198997565345792,2274,648
708,685268753634967552,3017,1161
709,685307451701334016,2019,421
710,685315239903100929,3204,1009
711,685321586178670592,2575,609
712,685325112850124800,9179,3834
713,685532292383666176,2945,1120
714,685547936038666240,32023,15072
715,685641971164143616,2853,754
716,685663452032069632,3143,1412
717,685667379192414208,2293,546
718,685906723014619143,7286,2772
719,685943807276412928,1585,575
720,685973236358713344,2039,505
721,686003207160610816,1782,603
722,686007916130873345,2418,399
723,686034024800862208,2991,1108
724,686050296934563840,2163,706
725,686358356425093120,2123,645
726,686377065986265092,2146,551
727,686386521809772549,3174,855
728,686606069955735556,1836,526
729,686618349602762752,3602,1318
730,686683045143953408,2752,779
731,686730991906516992,4031,1160
732,686749460672679938,3390,1407
733,686947101016735744,8414,3090
734,687096057537363968,2178,589
735,687102708889812993,2282,942
736,687109925361856513,5649,2378
737,687124485711986689,2123,490
738,687127927494963200,5286,2201
739,687312378585812992,4245,1837
740,687317306314240000,19618,8882
741,687460506001633280,2008,530
742,687476254459715584,1928,516
743,687480748861947905,1560,232
744,687494652870668288,1845,560
745,687664829264453632,1884,494
746,687704180304273409,2371,818
747,687807801670897665,2329,693
748,687818504314159109,2413,924
749,687826841265172480,2673,1087
750,688064179421470721,1691,351
751,688116655151435777,2756,748
752,688179443353796608,2075,566
753,688211956440801280,2183,804
754,688385280030670848,9035,4331
755,688519176466644993,2259,708
756,688547210804498433,2528,675
757,688789766343622656,2161,641
758,688804835492233216,942,184
759,688828561667567616,1346,357
760,688894073864884227,2183,663
761,688898160958271489,2036,757
762,688908934925697024,2052,739
763,688916208532455424,2641,834
764,689143371370250240,1962,489
765,689154315265683456,2998,961
766,689275259254616065,1112,236
767,689280876073582592,1931,683
768,689283819090870273,3173,1061
769,689289219123089408,2195,903
770,689517482558820352,3310,1389
771,689557536375177216,1993,442
772,689599056876867584,11340,5335
773,689623661272240129,2167,622
774,689659372465688576,10088,3730
775,689661964914655233,3142,905
776,689835978131935233,2109,726
777,689877686181715968,2955,1122
778,689905486972461056,2382,677
779,689977555533848577,1336,433
780,689999384604450816,1376,354
781,690005060500217858,3570,1628
782,690015576308211712,2423,712
783,690021994562220032,2718,995
784,690248561355657216,1634,403
785,690360449368465409,2592,855
786,690374419777196032,3166,818
787,690400367696297985,1836,433
788,690597161306841088,1900,583
789,690649993829576704,1263,266
790,690690673629138944,2261,798
791,690728923253055490,2119,502
792,690735892932222976,3686,1225
793,690932576555528194,3194,984
794,690938899477221376,3986,1888
795,690959652130045952,3479,1208
796,691090071332753408,1676,325
797,691096613310316544,2885,855
798,691321916024623104,2507,639
799,691416866452082688,18818,7402
800,691444869282295808,2573,823
801,691459709405118465,3936,1104
802,691483041324204033,2323,545
803,691675652215414786,1901,493
804,691756958957883396,2766,964
805,691820333922455552,3858,1598
806,692017291282812928,2811,925
807,692142790915014657,1606,381
808,692158366030913536,2090,765
809,692187005137076224,2467,789
810,692417313023332352,9124,3355
811,692530551048294401,1782,399
812,692535307825213440,3071,1318
813,692568918515392513,4238,1483
814,692752401762250755,6629,3530
815,692828166163931137,2795,862
816,692894228850999298,2202,771
817,692901601640583168,1711,583
818,692905862751522816,2358,845
819,692919143163629568,2609,731
820,693095443459342336,1806,443
821,693109034023534592,1663,592
822,693155686491000832,7680,3117
823,693231807727280129,2799,719
824,693262851218264065,2150,483
825,693280720173801472,3263,1203
826,693486665285931008,1725,613
827,693590843962331137,4911,1893
828,693622659251335168,1499,361
829,693629975228977152,2381,771
830,693642232151285760,2474,398
831,693647888581312512,2615,565
832,693942351086120961,1701,355
833,694001791655137281,3315,991
834,694183373896572928,2870,900
835,694206574471057408,4051,1978
836,694329668942569472,1941,487
837,694352839993344000,1980,594
838,694356675654983680,1466,279
839,694669722378485760,34891,13907
840,694905863685980160,2668,910
841,695051054296211456,2588,769
842,695064344191721472,1558,574
843,695074328191332352,2766,1063
844,695095422348574720,2567,595
845,695314793360662529,3531,1408
846,695409464418041856,8447,3473
847,695446424020918272,4287,1759
848,695629776980148225,4452,2031
849,695767669421768709,1809,717
850,695794761660297217,3077,746
851,695816827381944320,2933,1125
852,696405997980676096,3114,1123
853,696488710901260288,2451,991
854,696713835009417216,2309,627
855,696754882863349760,1441,352
856,696877980375769088,2383,688
857,696886256886657024,4721,1743
858,696894894812565505,2278,664
859,696900204696625153,3084,994
860,697242256848379904,2457,645
861,697255105972801536,2982,1118
862,697259378236399616,3208,974
863,697270446429966336,4581,1823
864,697463031882764288,3334,1364
865,697482927769255936,2352,647
866,697575480820686848,1988,485
867,697596423848730625,2932,1225
868,697616773278015490,3071,982
869,697881462549430272,2938,1128
870,697943111201378304,2326,654
871,697990423684476929,3195,1254
872,697995514407682048,1480,326
873,698178924120031232,2736,718
874,698195409219559425,16333,5783
875,698262614669991936,4644,1935
876,698342080612007937,2211,933
877,698355670425473025,1801,432
878,698549713696649216,2257,606
879,698635131305795584,1261,333
880,698703483621523456,1413,362
881,698710712454139905,2401,659
882,698907974262222848,2472,603
883,698953797952008193,2610,886
884,698989035503689728,3255,945
885,699036661657767936,2538,1169
886,699072405256409088,2897,1149
887,699079609774645248,2379,631
888,699088579889332224,2188,610
889,699323444782047232,3068,837
890,699370870310113280,1845,425
891,699413908797464576,2031,609
892,699423671849451520,1319,311
893,699434518667751424,2112,499
894,699446877801091073,5793,2538
895,699691744225525762,10011,4459
896,699775878809702401,1903,583
897,699779630832685056,2661,1194
898,699788877217865730,2170,496
899,699801817392291840,2956,920
900,700002074055016451,3219,1297
901,700029284593901568,2018,570
902,700062718104104960,2574,665
903,700143752053182464,7322,2619
904,700151421916807169,2181,650
905,700167517596164096,2561,709
906,700462010979500032,4006,1723
907,700505138482569216,2231,549
908,700518061187723268,2535,770
909,700747788515020802,22191,8983
910,700796979434098688,2369,908
911,700847567345688576,2394,486
912,700864154249383937,2526,605
913,700890391244103680,2159,548
914,701214700881756160,11872,4929
915,701545186879471618,2587,591
916,701570477911896070,2738,902
917,701601587219795968,2036,439
918,701889187134500865,3446,1344
919,701952816642965504,3740,993
920,701981390485725185,3345,957
921,702217446468493312,4655,1302
922,702276748847800320,2403,751
923,702321140488925184,3188,1012
924,702539513671897089,2804,927
925,702598099714314240,11898,3334
926,702671118226825216,2132,544
927,702684942141153280,3140,1034
928,702932127499816960,2515,698
929,703041949650034688,25592,12062
930,703079050210877440,7194,2981
931,703268521220972544,1928,527
932,703356393781329922,1860,373
933,703382836347330562,3413,1109
934,703407252292673536,2365,674
935,703425003149250560,3701,1323
936,703611486317502464,3728,1483
937,703631701117943808,2501,655
938,703769065844768768,3183,1103
939,703774238772166656,1788,441
940,704054845121142784,2840,890
941,704113298707505153,1805,556
942,704347321748819968,1533,339
943,704364645503647744,7764,3443
944,704480331685040129,3297,1036
945,704499785726889984,2831,984
946,704761120771465216,6459,2834
947,704819833553219584,2567,950
948,704847917308362754,4926,1470
949,704859558691414016,2188,520
950,704871453724954624,4162,1089
951,705066031337840642,2133,598
952,705102439679201280,2082,502
953,705223444686888960,2523,775
954,705239209544720384,2907,732
955,705428427625635840,3700,1621
956,705442520700944385,4294,1569
957,705475953783398401,2882,882
958,705591895322394625,3090,1113
959,705786532653883392,1877,500
960,705898680587526145,2300,536
961,705970349788291072,3095,868
962,705975130514706432,3014,708
963,706166467411222528,5012,1555
964,706265994973601792,2663,903
965,706291001778950144,1661,463
966,706310011488698368,20681,7656
967,706346369204748288,3360,899
968,706516534877929472,3035,1003
969,706538006853918722,3378,1385
970,706593038911545345,2095,612
971,706644897839910912,2498,1054
972,706681918348251136,3208,946
973,706901761596989440,1990,567
974,707014260413456384,2253,581
975,707021089608753152,3973,1308
976,707038192327901184,2126,760
977,707059547140169728,2524,653
978,707297311098011648,2705,758
979,707315916783140866,2408,617
980,707377100785885184,3183,1056
981,707387676719185920,3398,1238
982,707411934438625280,2234,580
983,707420581654872064,2194,672
984,707610948723478529,16492,6135
985,707693576495472641,3305,958
986,707741517457260545,2418,590
987,707776935007539200,3182,926
988,707969809498152960,2618,931
989,707995814724026368,3043,1092
990,708026248782585858,4276,1865
991,708109389455101952,1893,536
992,708119489313951744,2619,949
993,708130923141795840,3289,826
994,708149363256774660,4181,1506
995,708349470027751425,2291,716
996,708356463048204288,3478,1273
997,708469915515297792,3017,789
998,708479650088034305,2472,657
999,708711088997666817,2458,693
1000,708738143638450176,2680,785
1001,708810915978854401,15986,6693
1002,708834316713893888,1640,485
1003,708845821941387268,2895,867
1004,709042156699303936,4590,1575
1005,709158332880297985,1976,401
1006,709198395643068416,2378,619
1007,709207347839836162,12127,5574
1008,709225125749587968,2350,552
1009,709409458133323776,2536,655
1010,709449600415961088,2147,551
1011,709519240576036864,1454,228
1012,709556954897764353,3194,1034
1013,709566166965075968,3453,1158
1014,709852847387627521,3415,1161
1015,709901256215666688,645,99
1016,709918798883774466,3398,1053
1017,710117014656950272,5304,1908
1018,710140971284037632,2674,851
1019,710153181850935296,2826,865
1020,710269109699739648,2325,1080
1021,710272297844797440,4400,1207
1022,710283270106132480,2090,504
1023,710588934686908417,4394,1798
1024,710658690886586372,2244,543
1025,710833117892898816,2610,512
1026,710844581445812225,2471,658
1027,710997087345876993,4441,1337
1028,711008018775851008,2907,589
1029,711306686208872448,3205,712
1030,711363825979756544,3525,1094
1031,711652651650457602,3733,884
1032,711694788429553666,31912,17722
1033,711732680602345472,8563,3948
1034,711743778164514816,2758,960
1035,711968124745228288,7806,2229
1036,711998809858043904,0,123
1037,712065007010385924,2184,601
1038,712085617388212225,3177,470
1039,712092745624633345,2849,856
1040,712097430750289920,3659,998
1041,712438159032893441,5163,1513
1042,712668654853337088,4056,1175
1043,712717840512598017,11950,4787
1044,712809025985978368,18486,6491
1045,713175907180089344,4323,1427
1046,713177543487135744,7006,2757
1047,713411074226274305,4291,1257
1048,713761197720473600,4709,1316
1049,713900603437621249,2755,708
1050,713919462244790272,3199,765
1051,714141408463036416,4190,1352
1052,714214115368108032,2210,840
1053,714251586676113411,3178,807
1054,714258258790387713,2945,703
1055,714606013974974464,3523,893
1056,714631576617938945,3181,958
1057,714957620017307648,4020,1364
1058,714982300363173890,3608,1001
1059,715009755312439296,4021,1181
1060,715200624753819648,4990,1804
1061,715220193576927233,2352,625
1062,715342466308784130,2961,666
1063,715360349751484417,5306,1510
1064,715680795826982913,4164,1555
1065,715696743237730304,3793,1252
1066,715733265223708672,4534,1634
1067,715928423106027520,3096,850
1068,716080869887381504,6576,1839
1069,716285507865542656,2687,1012
1070,716439118184652801,2316,202
1071,716791146589110272,7949,1520
1072,716802964044845056,4159,1133
1073,717009362452090881,3136,927
1074,717047459982213120,6096,1858
1075,717421804990701568,3059,811
1076,717537687239008257,5602,1781
1077,717790033953034240,2786,1064
1078,717841801130979328,2379,581
1079,718234618122661888,3750,956
1080,718246886998687744,1849,479
1081,718454725339934721,4718,1462
1082,718460005985447936,2617,507
1083,718540630683709445,2370,975
1084,718613305783398402,2360,463
1085,718631497683582976,18323,7743
1086,718939241951195136,5092,1695
1087,718971898235854848,3373,1043
1088,719332531645071360,3331,917
1089,719339463458033665,4305,1188
1090,719367763014393856,2710,718
1091,719551379208073216,4909,1823
1092,719704490224398336,4406,1378
1093,719991154352222208,4686,1680
1094,720043174954147842,4777,1938
1095,720059472081784833,3746,1082
1096,720340705894408192,2776,943
1097,720389942216527872,6181,2415
1098,720415127506415616,4014,1450
1099,720775346191278080,2397,639
1100,720785406564900865,3019,739
1101,721001180231503872,2457,589
1102,721503162398597120,4480,1764
1103,722613351520608256,4839,1579
1104,722974582966214656,3976,1516
1105,723179728551723008,5143,1789
1106,723673163800948736,2931,858
1107,723688335806480385,7448,2829
1108,723912936180330496,3771,1186
1109,724004602748780546,4075,1488
1110,724046343203856385,2581,539
1111,724049859469295616,4214,1717
1112,724405726123311104,5131,1600
1113,724771698126512129,2274,610
1114,724983749226668032,3629,1261
1115,725729321944506368,5064,1715
1116,725786712245440512,4056,1329
1117,725842289046749185,6872,2569
1118,726224900189511680,4292,1103
1119,726828223124897792,3462,972
1120,726887082820554753,3716,1466
1121,726935089318363137,6669,2349
1122,727175381690781696,3797,1341
1123,727286334147182592,2965,789
1124,727314416056803329,3242,716
1125,727524757080539137,4344,1178
1126,727644517743104000,5700,1686
1127,727685679342333952,2877,616
1128,728015554473250816,4004,1068
1129,728035342121635841,4413,1619
1130,728046963732717569,4164,1162
1131,728387165835677696,3596,928
1132,728409960103686147,4760,1923
1133,728653952833728512,3219,1002
1134,728751179681943552,2684,651
1135,728760639972315136,4530,1642
1136,728986383096946689,3057,790
1137,729113531270991872,1825,308
1138,729463711119904772,5618,2238
1139,729823566028484608,3857,1206
1140,729838605770891264,1681,367
1141,729854734790754305,3917,1081
1142,730196704625098752,4699,1824
1143,730211855403241472,3711,1027
1144,730427201120833536,3385,1010
1145,730573383004487680,4745,2069
1146,730924654643314689,5973,1913
1147,731156023742988288,3730,1225
1148,731285275100512256,3394,964
1149,732005617171337216,14449,5216
1150,732375214819057664,7847,2424
1151,732585889486888962,3559,756
1152,732726085725589504,3456,863
1153,732732193018155009,2364,517
1154,733109485275860992,51903,16531
1155,733460102733135873,4056,1233
1156,733482008106668032,3042,913
1157,733822306246479872,3565,990
1158,733828123016450049,3477,753
1159,734776360183431168,2430,517
1160,734787690684657664,12174,6096
1161,734912297295085568,2675,511
1162,735137028879360001,3047,940
1163,735256018284875776,3237,849
1164,735274964362878976,12657,4850
1165,735635087207878657,5995,2270
1166,735648611367784448,3929,1069
1167,735991953473572864,3492,1106
1168,736010884653420544,7663,2880
1169,736225175608430592,7878,2697
1170,736365877722001409,3861,1195
1171,736736130620620800,4121,1665
1172,737310737551491075,14252,7183
1173,737322739594330112,3503,783
1174,737445876994609152,9964,4308
1175,737678689543020544,4898,1272
1176,737800304142471168,9722,3348
1177,737826014890496000,5120,1709
1178,738156290900254721,2436,620
1179,738166403467907072,8531,3237
1180,738184450748633089,4215,1176
1181,738402415918125056,3174,801
1182,738537504001953792,4950,1480
1183,738883359779196928,3218,764
1184,738885046782832640,3673,1107
1185,739238157791694849,112794,56200
1186,739485634323156992,6960,2837
1187,739544079319588864,38442,20538
1188,739606147276148736,5256,1598
1189,739844404073074688,3706,833
1190,739932936087216128,3953,1048
1191,739979191639244800,19430,5729
1192,740214038584557568,6524,1905
1193,740359016048689152,3210,837
1194,740365076218183684,2397,420
1195,740373189193256964,34141,12926
1196,740676976021798912,17708,6615
1197,740699697422163968,2775,753
1198,740711788199743490,3322,910
1199,740995100998766593,6181,2639
1200,741067306818797568,9289,2997
1201,741303864243200000,8563,3108
1202,741438259667034112,3594,792
1203,741743634094141440,7970,2660
1204,741793263812808706,4429,1465
1205,742150209887731712,4976,1501
1206,742161199639494656,4211,1327
1207,742385895052087300,6635,1907
1208,742423170473463808,9578,3637
1209,742465774154047488,7084,3802
1210,742528092657332225,4310,1906
1211,743210557239623680,3750,1328
1212,743222593470234624,6048,1856
1213,743253157753532416,4123,1189
1214,743510151680958465,7737,3626
1215,743545585370791937,3444,915
1216,743595368194129920,17881,6335
1217,743609206067040256,4367,1345
1218,743895849529389061,3575,938
1219,743980027717509120,4077,1064
1220,744234799360020481,152563,75497
1221,744334592493166593,6621,2049
1222,744709971296780288,5472,1516
1223,744971049620602880,7696,2613
1224,744995568523612160,2905,596
1225,745057283344719872,7085,2180
1226,745314880350101504,6993,2677
1227,745422732645535745,8381,2356
1228,745433870967832576,6916,2476
1229,745712589599014916,6845,2262
1230,745789745784041472,3928,1035
1231,746056683365994496,3493,790
1232,746131877086527488,6752,2127
1233,746369468511756288,6050,1590
1234,746507379341139972,4554,1057
1235,746726898085036033,5916,1746
1236,746790600704425984,4764,1557
1237,746818907684614144,5209,1696
1238,746872823977771008,5853,2075
1239,746906459439529985,2840,289
1240,747103485104099331,9337,3851
1241,747204161125646336,3294,888
1242,747219827526344708,5138,1523
1243,747461612269887489,3791,1018
1244,747512671126323200,5399,1572
1245,747594051852075008,3594,1026
1246,747600769478692864,2283,544
1247,747816857231626240,4743,1131
1248,747844099428986880,2758,727
1249,747885874273214464,2873,942
1250,747933425676525569,6475,2481
1251,747963614829678593,5658,2086
1252,748307329658011649,3608,694
1253,748324050481647620,3613,734
1254,748346686624440324,5111,1205
1255,748568946752774144,2162,654
1256,748575535303884801,5940,1934
1257,748692773788876800,4168,1299
1258,748699167502000129,4651,1546
1259,748705597323898880,2720,926
1260,748932637671223296,5679,2188
1261,748977405889503236,10554,3304
1262,749036806121881602,3031,770
1263,749064354620928000,4705,1494
1264,749317047558017024,5384,2184
1265,749395845976588288,8377,3350
1266,749403093750648834,2559,517
1267,749417653287129088,5971,1604
1268,749774190421639168,4583,1291
1269,749981277374128128,5008,2407
1270,749996283729883136,2997,800
1271,750011400160841729,3174,884
1272,750026558547456000,2664,767
1273,750041628174217216,3103,597
1274,750056684286914561,3100,878
1275,750071704093859840,7676,3237
1276,750086836815486976,2128,520
1277,750101899009982464,2981,823
1278,750117059602808832,4249,1278
1279,750132105863102464,3538,1261
1280,750147208377409536,3040,937
1281,750383411068534784,4472,1122
1282,750429297815552001,12916,4175
1283,750506206503038976,4362,1120
1284,750719632563142656,12916,4897
1285,750868782890057730,4679,1328
1286,751132876104687617,4965,1274
1287,751205363882532864,6196,1766
1288,751251247299190784,12282,5739
1289,751456908746354688,3156,978
1290,751538714308972544,4948,1230
1291,751583847268179968,4306,1071
1292,751598357617971201,7790,2973
1293,751830394383790080,5704,1899
1294,751937170840121344,5084,1289
1295,752173152931807232,5840,1790
1296,752309394570878976,0,15838
1297,752334515931054080,3749,1070
1298,752519690950500352,7236,3370
1299,752660715232722944,4299,1521
1300,752682090207055872,5896,1557
1301,752917284578922496,6811,1536
1302,753026973505581056,3852,938
1303,753294487569522689,3298,1016
1304,753375668877008896,7502,2273
1305,753398408988139520,5646,1862
1306,753420520834629632,7746,3470
1307,753655901052166144,5736,2128
1308,754120377874386944,7755,2304
1309,754449512966619136,3676,720
1310,754482103782404096,5195,1912
1311,754747087846248448,2541,509
1312,754856583969079297,6785,2460
1313,754874841593970688,0,7722
1314,755110668769038337,20817,10860
1315,755206590534418437,16154,5234
1316,755955933503782912,7174,2816
1317,756275833623502848,6292,1503
1318,756288534030475264,43258,17304
1319,756303284449767430,3865,1086
1320,756526248105566208,10229,3502
1321,756651752796094464,4957,1266
1322,756939218950160384,6524,1962
1323,756998049151549440,6172,1944
1324,757354760399941633,4443,1388
1325,757393109802180609,5711,1699
1326,757400162377592832,14870,6695
1327,757596066325864448,4258,1033
1328,757597904299253760,0,294
1329,757611664640446465,4484,1084
1330,757725642876129280,4467,1186
1331,757729163776290825,0,7730
1332,757741869644341248,6756,3184
1333,758041019896193024,2648,364
1334,758355060040593408,3331,1037
1335,758405701903519748,5123,1872
1336,758467244762497024,4716,2172
1337,758474966123810816,3734,982
1338,758740312047005698,5646,1584
1339,758828659922702336,11023,3770
1340,758854675097526272,3493,880
1341,759047813560868866,6382,1968
1342,759099523532779520,14269,4071
1343,759159934323924993,0,1133
1344,759197388317847553,5986,1910
1345,759447681597108224,8341,2411
1346,759557299618865152,4608,1167
1347,759793422261743616,5857,1868
1348,759846353224826880,6632,1928
1349,759923798737051648,14464,5529
1350,760190180481531904,5594,1758
1351,760252756032651264,3889,854
1352,760290219849637889,26377,11248
1353,760539183865880579,7439,3550
1354,760641137271070720,4901,1271
1355,760656994973933572,6480,1871
1356,760893934457552897,3753,951
1357,761004547850530816,11158,3413
1358,761227390836215808,5247,1532
1359,761292947749015552,4415,1066
1360,761334018830917632,5117,1425
1361,761371037149827077,0,17722
1362,761599872357261312,4066,1171
1363,761672994376806400,48708,28517
1364,761745352076779520,4212,847
1365,761750502866649088,0,3833
1366,761976711479193600,5320,1967
1367,762035686371364864,31358,15253
1368,762316489655476224,4728,1094
1369,762464539388485633,10152,4090
1370,762471784394268675,11051,6288
1371,762699858130116608,11949,3546
1372,763103485927849985,7268,2265
1373,763183847194451968,5298,1442
1374,763837565564780549,12381,4074
1375,764259802650378240,5928,1477
1376,764857477905154048,6360,1752
1377,765222098633691136,11466,3334
1378,765371061932261376,6973,2137
1379,765395769549590528,26283,3338
1380,765669560888528897,5121,1211
1381,765719909049503744,7126,2123
1382,766008592277377025,3695,488
1383,766069199026450432,4162,836
1384,766078092750233600,0,2569
1385,766313316352462849,6692,1857
1386,766423258543644672,5910,1548
1387,766693177336135680,3959,781
1388,766793450729734144,4980,1334
1389,767122157629476866,10058,2810
1390,767191397493538821,12141,3697
1391,767500508068192258,7404,2306
1392,767754930266464257,15804,5299
1393,767884188863397888,4683,1359
1394,768193404517830656,10717,3483
1395,768473857036525572,13438,3349
1396,768596291618299904,4974,1259
1397,768609597686943744,4063,1172
1398,768855141948723200,4124,871
1399,768970937022709760,14161,6396
1400,769212283578875904,5322,1683
1401,769695466921623552,6345,1655
1402,769940425801170949,30882,9385
1403,770069151037685760,7506,2263
1404,770093767776997377,0,2997
1405,770293558247038976,6149,1443
1406,770414278348247044,6253,2062
1407,770655142660169732,7245,1743
1408,770772759874076672,5117,1398
1409,770787852854652928,4869,1187
1410,771014301343748096,6793,1626
1411,771102124360998913,6158,1417
1412,771136648247640064,9036,2881
1413,771171053431250945,0,7328
1414,771380798096281600,10343,4989
1415,771500966810099713,8168,2569
1416,771770456517009408,11857,3313
1417,772102971039580160,3950,927
1418,772114945936949249,2699,461
1419,772117678702071809,3730,728
1420,772152991789019136,3766,1116
1421,772193107915964416,5958,1364
1422,772581559778025472,6404,1675
1423,772615324260794368,0,3334
1424,772826264096874500,7953,2319
1425,772877495989305348,8456,3809
1426,773191612633579521,9874,4059
1427,773247561583001600,9351,3213
1428,773308824254029826,23025,7373
1429,773547596996571136,21882,6047
1430,773670353721753600,5296,1290
1431,773704687002451968,6517,1604
1432,773922284943896577,6323,1724
1433,773985732834758656,10619,3802
1434,774314403806253056,21538,5437
1435,774639387460112384,6650,1700
1436,774757898236878852,8514,1762
1437,775085132600442880,15384,4662
1438,775364825476165632,7311,2918
1439,775729183532220416,12862,4540
1440,775733305207554048,13746,3936
1441,775842724423557120,11587,2621
1442,775898661951791106,0,16531
1443,776088319444877312,1819,148
1444,776113305656188928,11641,4305
1445,776201521193218049,9512,2488
1446,776218204058357768,29579,15614
1447,776477788987613185,8733,2733
1448,776813020089548800,4826,1191
1449,776819012571455488,0,13490
1450,777189768882946048,14120,4257
1451,777621514455814149,8645,2476
1452,777641927919427584,0,4175
1453,777684233540206592,11128,2904
1454,777885040357281792,6293,1606
1455,778027034220126208,6491,1585
1456,778039087836069888,8420,2605
1457,778286810187399168,10279,3252
1458,778383385161035776,5771,1087
1459,778396591732486144,0,12062
1460,778408200802557953,13506,4267
1461,778624900596654080,4589,999
1462,778650543019483137,5709,1476
1463,778748913645780993,6830,1288
1464,778990705243029504,19764,7102
1465,779056095788752897,14636,4475
1466,779377524342161408,8720,3074
1467,779834332596887552,18720,6954
1468,780192070812196864,8632,2209
1469,780459368902959104,5253,1064
1470,780476555013349377,0,110
1471,780496263422808064,0,3637
1472,780543529827336192,6251,1731
1473,780601303617732608,12010,3332
1474,780800785462489090,5436,1282
1475,780858289093574656,7133,1985
1476,780931614150983680,21467,7215
1477,781163403222056960,9737,2723
1478,781251288990355457,8369,2058
1479,781524693396357120,20623,5504
1480,781661882474196992,10361,2690
1481,781955203444699136,11059,3332
1482,782021823840026624,0,6135
1483,782305867769217024,16544,5499
1484,782598640137187329,7738,1858
1485,782722598790725632,17156,5337
1486,782747134529531904,7421,1397
1487,782969140009107456,23993,7298
1488,783085703974514689,8110,2175
1489,783334639985389568,28948,11562
1490,783347506784731136,0,5483
1491,783391753726550016,16783,5406
1492,783466772167098368,8404,2219
1493,783695101801398276,10422,3179
1494,783821107061198850,7317,1949
1495,783839966405230592,29841,10686
1496,784431430411685888,5692,1260
1497,784517518371221505,8922,2502
1498,784826020293709826,10057,3219
1499,785170936622350336,11958,4781
1500,785264754247995392,7223,1606
1501,785533386513321988,9062,1978
1502,785639753186217984,7822,2220
1503,785872687017132033,6667,1789
1504,785927819176054784,11334,3156
1505,786036967502913536,0,6954
1506,786233965241827333,15164,4687
1507,786363235746385920,10841,3468
1508,786595970293370880,9415,3108
1509,786664955043049472,10548,2523
1510,786709082849828864,18159,6073
1511,786963064373534720,26547,7926
1512,787322443945877504,7746,1729
1513,787397959788929025,10842,2832
1514,787717603741622272,10232,2758
1515,787810552592695296,8577,3026
1516,788039637453406209,6105,1300
1517,788070120937619456,0,3413
1518,788150585577050112,6103,1267
1519,788178268662984705,7206,2087
1520,788412144018661376,15495,5233
1521,788765914992902144,27239,10217
1522,788908386943430656,27359,12421
1523,789137962068021249,9688,2777
1524,789268448748703744,9087,2592
1525,789530877013393408,11691,3354
1526,789599242079838210,6725,1914
1527,789628658055020548,7457,1753
1528,789986466051088384,9224,2297
1529,790277117346975746,12523,3159
1530,790337589677002753,7789,1871
1531,790581949425475584,20608,7090
1532,790698755171364864,8189,1915
1533,790723298204217344,0,2297
1534,790946055508652032,16615,4674
1535,790987426131050500,9792,2124
1536,791026214425268224,0,4074
1537,791312159183634433,8738,2519
1538,791406955684368384,13115,4093
1539,791672322847637504,11715,3114
1540,792050063153438720,7126,1784
1541,792394556390137856,13377,4274
1542,792773781206999040,7336,1666
1543,792883833364439040,11274,4251
1544,792913359805018113,14293,3955
1545,793120401413079041,12610,3901
1546,793135492858580992,6385,2484
1547,793150605191548928,6153,1692
1548,793165685325201412,9359,2767
1549,793180763617361921,6921,1989
1550,793195938047070209,15216,5601
1551,793210959003287553,8909,2780
1552,793226087023144960,9791,2868
1553,793241302385262592,10475,3278
1554,793256262322548741,19931,8298
1555,793271401113350145,8681,2380
1556,793286476301799424,24537,9121
1557,793500921481273345,10645,2361
1558,793601777308463104,7953,1609
1559,793614319594401792,0,3114
1560,793845145112371200,9192,1847
1561,793962221541933056,16786,4864
1562,794205286408003585,9214,3302
1563,794332329137291264,9580,2669
1564,794355576146903043,0,10217
1565,794926597468000259,10215,2302
1566,794983741416415232,0,3354
1567,795076730285391872,16153,5418
1568,795400264262053889,10011,2853
1569,795464331001561088,49426,23453
1570,796031486298386433,10775,3705
1571,796080075804475393,8435,2294
1572,796116448414461957,9070,2407
1573,796149749086875649,32165,14202
1574,796177847564038144,0,14202
1575,796387464403357696,10974,4115
1576,796484825502875648,7563,1747
1577,796759840936919040,11789,3014
1578,796865951799083009,7665,1915
1579,797236660651966464,19904,6544
1580,797545162159308800,14526,4855
1581,797971864723324932,11550,3098
1582,798209839306514432,10396,2548
1583,798340744599797760,0,3313
1584,798628517273620480,0,1967
1585,798644042770751489,0,1846
1586,798665375516884993,0,3888
1587,798673117451325440,0,5536
1588,798694562394996736,0,4929
1589,798697898615730177,0,6491
1590,798925684722855936,7501,1435
1591,798933969379225600,13046,4427
1592,799063482566066176,8055,2468
1593,799297110730567681,9847,2743
1594,799422933579902976,8057,1921
1595,799757965289017345,8371,2158
1596,799774291445383169,0,4662
1597,800018252395122689,28298,13082
1598,800141422401830912,15240,2540
1599,800388270626521089,11131,2794
1600,800443802682937345,0,4305
1601,800459316964663297,9484,2169
1602,800513324630806528,13101,2977
1603,800751577355128832,10557,2781
1604,801115127852503040,8051,2098
1605,801167903437357056,24403,5878
1606,801285448605831168,6037,815
1607,801538201127157760,8209,2056
1608,801958328846974976,7734,1717
1609,802239329049477120,9064,2613
1610,802265048156610565,6914,1371
1611,802323869084381190,16143,5801
1612,802572683846291456,8923,2489
1613,802624713319034886,0,2904
1614,802952499103731712,8993,1988
1615,803276597545603072,10007,2442
1616,803380650405482500,7747,1870
1617,803638050916102144,10920,4131
1618,803692223237865472,0,7402
1619,803773340896923648,10037,2730
1620,804026241225523202,44304,16016
1621,804413760345620481,0,3219
1622,804738756058218496,13672,3803
1623,805207613751304193,7828,1709
1624,805487436403003392,8770,2516
1625,805520635690676224,5735,1651
1626,805826884734976000,6542,1809
1627,805932879469572096,8261,1918
1628,805958939288408065,0,5337
1629,806219024703037440,6428,1186
1630,806242860592926720,0,11562
1631,806542213899489280,10196,2350
1632,806629075125202948,74372,34421
1633,807010152071229440,13054,3853
1634,807059379405148160,0,7298
1635,807106840509214720,117790,55045
1636,807621403335917568,14538,3593
1637,808001312164028416,12503,3521
1638,808106460588765185,8787,2202
1639,808134635716833280,0,5878
1640,808501579447930884,11278,2590
1641,808733504066486276,7876,2153
1642,808838249661788160,10092,3022
1643,809084759137812480,13183,3512
1644,809220051211603969,19849,5563
1645,809448704142938112,6916,1461
1646,809808892968534016,0,4864
1647,809920764300447744,15509,3914
1648,810254108431155201,14633,3360
1649,810284430598270976,35076,11167
1650,810657578271330305,10920,2624
1651,810896069567610880,8970,1753
1652,810984652412424192,5310,1429
1653,811386762094317568,20845,6342
1654,811627233043480576,12725,3060
1655,811744202451197953,7508,1578
1656,811985624773361665,7250,1390
1657,812372279581671427,13606,3638
1658,812466873996607488,7946,1923
1659,812503143955202048,6036,1205
1660,812709060537683968,6585,1430
1661,812781120811126785,7522,1890
1662,813051746834595840,20898,7315
1663,813066809284972545,7912,1941
1664,813081950185472002,9854,2766
1665,813096984823349248,10529,3609
1666,813112105746448384,10258,2720
1667,813127251579564032,11769,3107
1668,813142292504645637,8450,2366
1669,813157409116065792,7741,2192
1670,813172488309972993,9221,1906
1671,813187593374461952,19758,4320
1672,813202720496779264,9196,1803
1673,813217897535406080,18556,7242
1674,813800681631023104,8277,1742
1675,813812741911748608,36262,13860
1676,813910438903693312,9258,1847
1677,813944609378369540,0,3159
1678,814153002265309185,28606,8589
1679,814530161257443328,8595,1843
1680,814638523311648768,11198,2671
1681,814986499976527872,7610,1266
1682,815390420867969024,10297,3781
1683,815639385530101762,8174,1637
1684,815736392542261248,9789,2240
1685,815966073409433600,22249,8379
1686,815990720817401858,4914,1007
1687,816014286006976512,0,5216
1688,816091915477250048,8873,2110
1689,816336735214911488,8551,1928
1690,816450570814898180,30220,7971
1691,816697700272001025,9709,2157
1692,816816676327063552,9934,2019
1693,816829038950027264,0,4674
1694,817056546584727552,8527,1628
1695,817120970343411712,12141,2572
1696,817171292965273600,8702,2001
1697,817181837579653120,0,8379
1698,817415592588222464,5558,935
1699,817423860136083457,33518,14506
1700,817536400337801217,11681,2923
1701,817777686764523521,10673,2651
1702,817827839487737858,51224,26756
1703,818145370475810820,12166,2533
1704,818259473185828864,10930,2229
1705,818536468981415936,10795,2416
1706,818588835076603904,0,6047
1707,818614493328580609,9766,2521
1708,818627210458333184,22249,7461
1709,819004803107983360,86342,36493
1710,819006400881917954,44993,18789
1711,819015331746349057,0,18789
1712,819015337530290176,0,36493
1713,819227688460238848,22884,6640
1714,819347104292290561,7160,1186
1715,819588359383371776,9574,1972
1716,819711362133872643,13263,3073
1717,819924195358416896,12816,4819
1718,819952236453363712,5286,1162
1719,820078625395449857,19634,6198
1720,820314633777061888,3316,556
1721,820446719150292993,0,2540
1722,820690176645140481,12114,3188
1723,820749716845686786,31272,9747
1724,821044531881721856,12561,2242
1725,821107785811234820,9515,2107
1726,821149554670182400,8553,1942
1727,821407182352777218,11638,4273
1728,821522889702862852,7963,1730
1729,821765923262631936,8325,1632
1730,821813639212650496,0,3332
1731,821886076407029760,11206,2272
1732,822244816520155136,34623,9733
1733,822462944365645825,27669,14040
1734,822489057087389700,17961,6316
1735,822610361945911296,14671,2915
1736,822647212903690241,0,6316
1737,822859134160621569,13118,2236
1738,822872901745569793,130181,42523
1739,822975315408461824,17164,3390
1740,823269594223824897,0,9733
1741,823322678127919110,15571,3954
1742,823581115634085888,12893,2590
1743,823699002998870016,13832,2481
1744,823939628516474880,10509,2660
1745,824297048279236611,14901,3797
1746,824325613288833024,11698,10398
1747,824663926340194305,10413,1743
1748,824775126675836928,14743,3450
1749,824796380199809024,0,5418
1750,825026590719483904,6212,1230
1751,825147591692263424,18085,4461
1752,825535076884762624,56248,17285
1753,825829644528148480,12596,2447
1754,825876512159186944,10362,1834
1755,826115272272650244,15450,3047
1756,826204788643753985,4821,908
1757,826240494070030336,13124,2564
1758,826476773533745153,18171,4111
1759,826598365270007810,9910,2306
1760,826848821049180160,35832,9962
1761,826958653328592898,21302,4905
1762,827199976799354881,10454,2187
1763,827324948884643840,15632,2981
1764,827600520311402496,7379,927
1765,827653905312006145,15311,2967
1766,827933404142436356,19826,5141
1767,828011680017821696,10226,2114
1768,828046555563323392,11601,2817
1769,828372645993398273,12417,2875
1770,828376505180889089,7285,1047
1771,828381636999917570,12428,2178
1772,828408677031882754,7585,1260
1773,828409743546925057,6265,1142
1774,828650029636317184,9379,1310
1775,828708714936930305,35996,10965
1776,828770345708580865,25243,5736
1777,829011960981237760,52519,16011
1778,829141528400556032,24050,7181
1779,829449946868879360,10320,1967
1780,829501995190984704,31279,10390
1781,829861396166877184,12069,1899
1782,829878982036299777,0,4905
1783,830097400375152640,9635,2869
1784,830583320585068544,65774,16398
1785,830956169170665475,7871,1464
1786,831262627380748289,11724,1995
1787,831309418084069378,11593,2416
1788,831315979191906304,6443,1103
1789,831322785565769729,9138,1522
1790,831552930092285952,8836,2271
1791,831650051525054464,7009,1879
1792,831670449226514432,10260,1774
1793,831911600680497154,27159,6352
1794,831939777352105988,23601,5998
1795,832032802820481025,17585,4563
1796,832040443403784192,0,9383
1797,832215726631055365,0,9120
1798,832273440279240704,11155,2282
1799,832369877331693569,16891,3125
1800,832397543355072512,11784,2158
1801,832636094638288896,15608,2722
1802,832757312314028032,16610,3532
1803,832769181346996225,0,38
1804,832998151111966721,13032,2140
1805,833124694597443584,19870,4736
1806,833479644947025920,14629,1998
1807,833722901757046785,20504,3152
1808,833826103416520705,17803,3685
1809,833863086058651648,13218,2351
1810,834086379323871233,12842,2152
1811,834167344700198914,15559,3576
1812,834209720923721728,20185,4633
1813,834458053273591808,9464,1637
1814,834574053763584002,13409,2459
1815,834786237630337024,21056,5380
1816,834931633769889797,10611,1586
1817,835152434251116546,21957,2923
1818,835172783151792128,25717,5620
1819,835264098648616962,7587,1646
1820,835297930240217089,16179,2920
1821,835574547218894849,17472,3525
1822,836001077879255040,18724,4150
1823,836260088725786625,20928,4197
1824,836380477523124226,14501,2910
1825,836677758902222849,12400,2171
1826,836753516572119041,18990,4521
1827,836989968035819520,12505,2242
1828,837110210464448512,15724,2302
1829,837471256429613056,12543,2200
1830,837482249356513284,3787,431
1831,837820167694528512,33368,7630
1832,838083903487373313,17279,3029
1833,838476387338051585,22011,4620
1834,838561493054533637,10747,1290
1835,838916489579200512,0,33
1836,838921590096166913,10879,1984
1837,839239871831150596,26512,6324
1838,839290600511926273,0,139
1839,839549326359670784,26850,7516
1840,839990271299457024,13151,2203
1841,840268004936019968,18812,5549
1842,840370681858686976,16068,4414
1843,840632337062862849,8789,1706
1844,840696689258311684,11996,942
1845,841077006473256960,22325,5133
1846,841314665196081154,15469,4490
1847,841439858740625411,12330,3551
1848,841680585030541313,25157,7569
1849,841833993020538882,0,14504
1850,842115215311396866,13623,2912
1851,842163532590374912,23832,5583
1852,842535590457499648,17669,3391
1853,842765311967449089,6552,1219
1854,842846295480000512,14905,3503
1855,843235543001513987,20944,5789
1856,843604394117681152,16453,2635
1857,843856843873095681,20887,4440
1858,844223788422217728,13303,2101
1859,844580511645339650,16017,2993
1860,844973813909606400,14624,3051
1861,844979544864018432,13270,2447
1862,845306882940190720,22671,5174
1863,845397057150107648,7404,1719
1864,845677943972139009,24478,4622
1865,845812042753855489,28361,8340
1866,846042936437604353,15510,2747
1867,846153765933735936,30611,8672
1868,846514051647705089,43227,11071
1869,846874817362120707,19463,3761
1870,847116187444137987,20821,3054
1871,847157206088847362,19256,5613
1872,847251039262605312,19869,4145
1873,847606175596138505,18196,3284
1874,847842811428974592,5243,1263
1875,847962785489326080,22783,4859
1876,847971574464610304,0,420
1877,848212111729840128,15793,2890
1878,848324959059550208,23909,4429
1879,848690551926992896,24362,4145
1880,849051919805034497,40892,8081
1881,849336543269576704,11024,1805
1882,849412302885593088,15326,3001
1883,849776966551130114,29305,7232
1884,850019790995546112,19692,4644
1885,850145622816686080,15748,3612
1886,850380195714523136,12640,2476
1887,850753642995093505,29626,8639
1888,851224888060895234,19932,5469
1889,851464819735769094,23340,6717
1890,851591660324737024,15672,3293
1891,851861385021730816,0,19
1892,852189679701164033,11027,1510
1893,852226086759018497,19221,6505
1894,852311364735569921,31806,9429
1895,852553447878664193,15615,3285
1896,852672615818899456,14312,2044
1897,852912242202992640,8639,1704
1898,853299958564483072,14851,3359
1899,853639147608842240,33149,9435
1900,853760880890318849,27336,5437
1901,854010172552949760,15534,2971
1902,854120357044912130,30568,7023
1903,854365224396361728,18034,4417
1904,854482394044301312,27884,6427
1905,854732716440526848,21699,5696
1906,855459453768019968,28360,7716
1907,855851453814013952,43627,16946
1908,856282028240666624,26351,5875
1909,856526610513747968,11274,1756
1910,856543823941562368,15531,2688
1911,857029823797047296,17872,3703
1912,857263160327368704,19019,4214
1913,857393404942143489,5570,1529
1914,857746408056729600,32371,9891
1915,857989990357356544,15188,2404
1916,858107933456039936,14891,2682
1917,858471635011153920,20342,4510
1918,858843525470990336,14741,3217
1919,859074603037188101,31877,12633
1920,859196978902773760,84636,27857
1921,859607811541651456,17563,1432
1922,859851578198683649,14550,3260
1923,859924526012018688,18467,3799
1924,860184849394610176,15685,5399
1925,860276583193509888,17307,3248
1926,860524505164394496,22238,4885
1927,860563773140209665,7041,1970
1928,860924035999428608,0,728
1929,861005113778896900,15669,3514
1930,861288531465048066,16105,3804
1931,861383897657036800,33864,9831
1932,862096992088072192,69497,21241
1933,862457590147678208,19127,4507
1934,862722525377298433,16040,3249
1935,862831371563274240,17979,4717
1936,863062471531167744,7903,2218
1937,863079547188785154,8216,1015
1938,863432100342583297,22264,4794
1939,863553081350529029,14290,3836
1940,863907417377173506,19290,3789
1941,864197398364647424,28004,8055
1942,864279568663928832,13651,2746
1943,864873206498414592,30151,7931
1944,865006731092295680,26197,7044
1945,865359393868664832,24702,4557
1946,865718153858494464,23999,5125
1947,866334964761202691,48812,12968
1948,866450705531457537,113983,32084
1949,866686824827068416,17948,3151
1950,867051520902168576,30013,7169
1951,867072653475098625,0,108
1952,867421006826221569,14985,2265
1953,867774946302451713,31644,6649
1954,867900495410671616,22550,3796
1955,868552278524837888,9371,1874
1956,868622495443632128,24764,4781
1957,868880397819494401,60760,13038
1958,869227993411051520,18980,3402
1959,869596645499047938,14832,2808
1960,869702957897576449,26221,5684
1961,869772420881756160,39582,9158
1962,870063196459192321,33891,7503
1963,870308999962521604,20362,3745
1964,870374049280663552,77128,23972
1965,870656317836468226,11415,2351
1966,870804317367881728,31213,5573
1967,871032628920680449,21087,3431
1968,871515927908634625,18699,3123
1969,871762521631449091,18715,3132
1970,871879754684805121,34738,9804
1971,872122724285648897,31669,7263
1972,872486979161796608,37721,8126
1973,872620804844003328,19172,3262
1974,872820683541237760,13630,3333
1975,872967104147763200,25176,4848
1976,873213775632977920,6614,1413
1977,873580283840344065,22370,3525
1978,874012996292530176,31561,9123
1979,874057562936811520,20975,3558
1980,874296783580663808,24040,3686
1981,874680097055178752,25684,4138
1982,875021211251597312,23543,4201
1983,875144289856114688,20244,4379
1984,875747767867523072,23152,3807
1985,876120275196170240,25811,4152
1986,876484053909872640,17320,2105
1987,876838120628539392,19066,2965
1988,877201837425926144,24966,4949
1989,877316821321428993,25268,4634
1990,877556246731214848,20904,3392
1991,877611172832227328,0,71
1992,877736472329191424,72826,16822
1993,878057613040115712,38776,6049
1994,878281511006478336,7113,1131
1995,878776093423087618,17836,3636
1996,879008229531029506,17501,2379
1997,879050749262655488,20742,4175
1998,879376492567855104,15494,2776
1999,879415818425184262,97211,39630
2000,879492040517615616,21599,2819
2001,879862464715927552,20584,3089
2002,880095782870896641,25407,3862
2003,880221127280381952,24771,3687
2004,880465832366813184,26159,5515
2005,880872448815771648,19574,3395
2006,880935762899988482,15726,2484
2007,881268444196462592,21415,4701
2008,881536004380872706,45452,14195
2009,881666595344535552,46555,9467
2010,881906580714921986,22398,3018
2011,882045870035918850,26935,4314
2012,882268110199369728,41165,10276
2013,882627270321602560,25738,5377
2014,882762694511734784,25954,4326
2015,882992080364220416,21945,3441
2016,883117836046086144,34056,5883
2017,883360690899218434,20846,3267
2018,883482846933004288,42098,8753
2019,883838122936631299,20073,3028
2020,884162670584377345,18761,2652
2021,884441805382717440,24903,5053
2022,884562892145688576,22337,4166
2023,884876753390489601,25533,4946
2024,884925521741709313,70694,15988
2025,885167619883638784,20088,3870
2026,885311592912609280,0,16397
2027,885528943205470208,33019,5666
2028,885984800019947520,29933,5950
2029,886258384151887873,25690,5605
2030,886366144734445568,19418,2805
2031,886680336477933568,20663,3968
2032,886736880519319552,10981,2825
2033,886983233522544640,31977,6778
2034,887101392804085760,28152,5284
2035,887343217045368832,30936,9332
2036,887473957103951883,63088,15933
2037,887517139158093824,42611,10436
2038,887705289381826560,27823,4785
2039,888078434458587136,20010,3074
2040,888554962724278272,18112,3066
2041,888804989199671297,23481,3747
2042,888917238123831296,26756,3977
2043,889278841981685760,23149,4719
2044,889531135344209921,13949,1998
2045,889638837579907072,24798,3970
2046,889665388333682689,44081,8857
2047,889880896479866881,25671,4415
2048,890006608113172480,28208,6500
2049,890240255349198849,29265,6490
2050,890609185150312448,25644,3815
2051,890729181411237888,59637,16726
2052,890971913173991426,10828,1791
2053,891087950875897856,18629,2759
2054,891327558926688256,36968,8249
2055,891689557279858688,38691,7650
2056,891815181378084864,23036,3671
2057,892177421306343426,30638,5549
2058,892420643555336193,35390,7477
